vtrace1; I p
vtrace1; 1137
vtrace1; 1139
vtrace1; 1141
vtrace1; 1143
vtrace1; 1145
vtrace1; 1147
vtrace1; 1149
vtrace1; 1151
vtrace1; 96
vtrace1; 1121
vtrace1; 98
vtrace1; 1123
vtrace1; 100
vtrace1; 1125
vtrace1; 102
vtrace1; 1127
vtrace1; 1129
vtrace1; 1131
vtrace1; 1133
vtrace1; 1135
vtrace1; 80
vtrace1; 1105
vtrace1; 82
vtrace1; 1107
vtrace1; 84
vtrace1; 1109
vtrace1; 86
vtrace1; 1111
vtrace1; 88
vtrace1; 1113
vtrace1; 90
vtrace1; 1115
vtrace1; 92
vtrace1; 1117
vtrace1; 94
vtrace1; 1119
vtrace1; 64
vtrace1; 1089
vtrace1; 66
vtrace1; 1091
vtrace1; 68
vtrace1; 1093
vtrace1; 70
vtrace1; 1095
vtrace1; 72
vtrace1; 1097
vtrace1; 74
vtrace1; 1099
vtrace1; 76
vtrace1; 1101
vtrace1; 78
vtrace1; 1103
vtrace1; 48
vtrace1; 1073
vtrace1; 50
vtrace1; 1075
vtrace1; 52
vtrace1; 1077
vtrace1; 54
vtrace1; 1079
vtrace1; 56
vtrace1; 1081
vtrace1; 58
vtrace1; 1083
vtrace1; 60
vtrace1; 1085
vtrace1; 62
vtrace1; 1087
vtrace1; 1057
vtrace1; 1059
vtrace1; 36
vtrace1; 1061
vtrace1; 38
vtrace1; 1063
vtrace1; 40
vtrace1; 1065
vtrace1; 42
vtrace1; 1067
vtrace1; 44
vtrace1; 1069
vtrace1; 46
vtrace1; 1071
vtrace1; 1041
vtrace1; 1043
vtrace1; 1045
vtrace1; 1047
vtrace1; 1049
vtrace1; 1051
vtrace1; 1053
vtrace1; 1055
vtrace1; 1025
vtrace1; 2
vtrace1; 3
vtrace1; 1027
vtrace1; 4
vtrace1; 1029
vtrace1; 6
vtrace1; 1031
vtrace1; 1033
vtrace1; 1035
vtrace1; 1037
vtrace1; 1039
vtrace1; 1265
vtrace1; 1267
vtrace1; 1269
vtrace1; 1271
vtrace1; 1273
vtrace1; 1275
vtrace1; 1277
vtrace1; 1279
vtrace1; 1249
vtrace1; 1251
vtrace1; 1253
vtrace1; 1255
vtrace1; 1257
vtrace1; 1259
vtrace1; 1261
vtrace1; 1263
vtrace1; 1233
vtrace1; 1235
vtrace1; 1237
vtrace1; 1239
vtrace1; 1241
vtrace1; 1243
vtrace1; 1245
vtrace1; 1247
vtrace1; 1217
vtrace1; 1219
vtrace1; 1221
vtrace1; 1223
vtrace1; 1225
vtrace1; 1227
vtrace1; 1229
vtrace1; 1231
vtrace1; 1201
vtrace1; 1203
vtrace1; 1205
vtrace1; 1207
vtrace1; 1209
vtrace1; 1211
vtrace1; 1213
vtrace1; 1215
vtrace1; 1185
vtrace1; 1187
vtrace1; 1189
vtrace1; 1191
vtrace1; 1193
vtrace1; 1195
vtrace1; 1197
vtrace1; 1199
vtrace1; 1169
vtrace1; 1171
vtrace1; 1173
vtrace1; 1175
vtrace1; 1177
vtrace1; 1179
vtrace1; 1181
vtrace1; 1183
vtrace1; 1153
vtrace1; 1155
vtrace1; 1157
vtrace1; 1159
vtrace1; 1161
vtrace1; 1163
vtrace1; 1165
vtrace1; 1167
vtrace1; 369
vtrace1; 371
vtrace1; 373
vtrace1; 375
vtrace1; 377
vtrace1; 379
vtrace1; 381
vtrace1; 383
vtrace1; 353
vtrace1; 355
vtrace1; 357
vtrace1; 359
vtrace1; 361
vtrace1; 363
vtrace1; 365
vtrace1; 367
vtrace1; 337
vtrace1; 339
vtrace1; 341
vtrace1; 343
vtrace1; 345
vtrace1; 347
vtrace1; 349
vtrace1; 351
vtrace1; 321
vtrace1; 323
vtrace1; 325
vtrace1; 327
vtrace1; 329
vtrace1; 331
vtrace1; 333
vtrace1; 335
vtrace1; 305
vtrace1; 307
vtrace1; 309
vtrace1; 311
vtrace1; 313
vtrace1; 315
vtrace1; 317
vtrace1; 319
vtrace1; 299
vtrace1; 301
vtrace1; 303
vtrace1; 1281
vtrace1; 1283
vtrace1; 1285
vtrace1; 1287
vtrace1; 1289
vtrace1; 497
vtrace1; 499
vtrace1; 501
vtrace1; 503
vtrace1; 505
vtrace1; 507
vtrace1; 509
vtrace1; 511
vtrace1; 481
vtrace1; 483
vtrace1; 485
vtrace1; 487
vtrace1; 489
vtrace1; 491
vtrace1; 493
vtrace1; 495
vtrace1; 465
vtrace1; 467
vtrace1; 469
vtrace1; 471
vtrace1; 473
vtrace1; 475
vtrace1; 477
vtrace1; 479
vtrace1; 449
vtrace1; 451
vtrace1; 453
vtrace1; 455
vtrace1; 457
vtrace1; 459
vtrace1; 461
vtrace1; 463
vtrace1; 433
vtrace1; 435
vtrace1; 437
vtrace1; 439
vtrace1; 441
vtrace1; 443
vtrace1; 445
vtrace1; 447
vtrace1; 417
vtrace1; 419
vtrace1; 421
vtrace1; 423
vtrace1; 425
vtrace1; 427
vtrace1; 429
vtrace1; 431
vtrace1; 401
vtrace1; 403
vtrace1; 405
vtrace1; 407
vtrace1; 409
vtrace1; 411
vtrace1; 413
vtrace1; 415
vtrace1; 385
vtrace1; 387
vtrace1; 389
vtrace1; 391
vtrace1; 393
vtrace1; 395
vtrace1; 397
vtrace1; 399
vtrace1; 625
vtrace1; 627
vtrace1; 629
vtrace1; 631
vtrace1; 633
vtrace1; 635
vtrace1; 637
vtrace1; 639
vtrace1; 609
vtrace1; 611
vtrace1; 613
vtrace1; 615
vtrace1; 617
vtrace1; 619
vtrace1; 621
vtrace1; 623
vtrace1; 593
vtrace1; 595
vtrace1; 597
vtrace1; 599
vtrace1; 601
vtrace1; 603
vtrace1; 605
vtrace1; 607
vtrace1; 577
vtrace1; 579
vtrace1; 581
vtrace1; 583
vtrace1; 585
vtrace1; 587
vtrace1; 589
vtrace1; 591
vtrace1; 561
vtrace1; 563
vtrace1; 565
vtrace1; 567
vtrace1; 569
vtrace1; 571
vtrace1; 573
vtrace1; 575
vtrace1; 545
vtrace1; 547
vtrace1; 549
vtrace1; 551
vtrace1; 553
vtrace1; 555
vtrace1; 557
vtrace1; 559
vtrace1; 529
vtrace1; 531
vtrace1; 533
vtrace1; 535
vtrace1; 537
vtrace1; 539
vtrace1; 541
vtrace1; 543
vtrace1; 513
vtrace1; 515
vtrace1; 517
vtrace1; 519
vtrace1; 521
vtrace1; 523
vtrace1; 525
vtrace1; 527
vtrace1; 753
vtrace1; 755
vtrace1; 757
vtrace1; 759
vtrace1; 761
vtrace1; 763
vtrace1; 765
vtrace1; 767
vtrace1; 737
vtrace1; 739
vtrace1; 741
vtrace1; 743
vtrace1; 745
vtrace1; 747
vtrace1; 749
vtrace1; 751
vtrace1; 721
vtrace1; 723
vtrace1; 725
vtrace1; 727
vtrace1; 729
vtrace1; 731
vtrace1; 733
vtrace1; 735
vtrace1; 705
vtrace1; 707
vtrace1; 709
vtrace1; 711
vtrace1; 713
vtrace1; 715
vtrace1; 717
vtrace1; 719
vtrace1; 689
vtrace1; 691
vtrace1; 693
vtrace1; 695
vtrace1; 697
vtrace1; 699
vtrace1; 701
vtrace1; 703
vtrace1; 673
vtrace1; 675
vtrace1; 677
vtrace1; 679
vtrace1; 681
vtrace1; 683
vtrace1; 685
vtrace1; 687
vtrace1; 657
vtrace1; 659
vtrace1; 661
vtrace1; 663
vtrace1; 665
vtrace1; 667
vtrace1; 669
vtrace1; 671
vtrace1; 641
vtrace1; 643
vtrace1; 645
vtrace1; 647
vtrace1; 649
vtrace1; 651
vtrace1; 653
vtrace1; 655
vtrace1; 881
vtrace1; 883
vtrace1; 885
vtrace1; 887
vtrace1; 889
vtrace1; 891
vtrace1; 893
vtrace1; 895
vtrace1; 865
vtrace1; 867
vtrace1; 869
vtrace1; 871
vtrace1; 873
vtrace1; 875
vtrace1; 877
vtrace1; 879
vtrace1; 849
vtrace1; 851
vtrace1; 853
vtrace1; 855
vtrace1; 857
vtrace1; 859
vtrace1; 861
vtrace1; 863
vtrace1; 833
vtrace1; 835
vtrace1; 837
vtrace1; 839
vtrace1; 841
vtrace1; 843
vtrace1; 845
vtrace1; 847
vtrace1; 817
vtrace1; 819
vtrace1; 821
vtrace1; 823
vtrace1; 825
vtrace1; 827
vtrace1; 829
vtrace1; 831
vtrace1; 801
vtrace1; 803
vtrace1; 805
vtrace1; 807
vtrace1; 809
vtrace1; 811
vtrace1; 813
vtrace1; 815
vtrace1; 785
vtrace1; 787
vtrace1; 789
vtrace1; 791
vtrace1; 793
vtrace1; 795
vtrace1; 797
vtrace1; 799
vtrace1; 769
vtrace1; 771
vtrace1; 773
vtrace1; 775
vtrace1; 777
vtrace1; 779
vtrace1; 781
vtrace1; 783
vtrace1; 1009
vtrace1; 1011
vtrace1; 1013
vtrace1; 1015
vtrace1; 1017
vtrace1; 1019
vtrace1; 1021
vtrace1; 1023
vtrace1; 993
vtrace1; 995
vtrace1; 997
vtrace1; 999
vtrace1; 1001
vtrace1; 1003
vtrace1; 1005
vtrace1; 1007
vtrace1; 977
vtrace1; 979
vtrace1; 981
vtrace1; 983
vtrace1; 985
vtrace1; 987
vtrace1; 989
vtrace1; 991
vtrace1; 961
vtrace1; 963
vtrace1; 965
vtrace1; 967
vtrace1; 969
vtrace1; 971
vtrace1; 973
vtrace1; 975
vtrace1; 945
vtrace1; 947
vtrace1; 949
vtrace1; 951
vtrace1; 953
vtrace1; 955
vtrace1; 957
vtrace1; 959
vtrace1; 929
vtrace1; 931
vtrace1; 933
vtrace1; 935
vtrace1; 937
vtrace1; 939
vtrace1; 941
vtrace1; 943
vtrace1; 913
vtrace1; 915
vtrace1; 917
vtrace1; 919
vtrace1; 921
vtrace1; 923
vtrace1; 925
vtrace1; 927
vtrace1; 897
vtrace1; 899
vtrace1; 901
vtrace1; 903
vtrace1; 905
vtrace1; 907
vtrace1; 909
vtrace1; 911
